ces                     Q50                     Q99                     Q1
0                       1.3867026869882308      1000                    0
50.012197536878546	1.3867026869882308	1.5963155410934122	1.1353022398475536
80.00641130289651	1.385177538901362	1.6709017061185492	1.0709524537811217
110.00062506891447	1.4100032879930184	1.7316937640612644	1.08073086350117
139.99483883493244	1.5243052747729067	1.762056266611457	1.2291656206795052
169.9890526009504	1.5078649281917198	1.811090462907401	1.192439524986322
199.98326636696837	1.5489390746158924	1.815862473172045	1.2815402910578424
229.97748013298633	1.5381312974063517	1.8200017133297859	1.2814221066483644
259.9716938990043	1.6272335673919722	1.8873619022688342	1.3209695086526214
289.96590766502226	1.6427418430252794	1.8948356427610231	1.3104599732317428
319.96012143104025	1.663442241290825	1.9097786751065304	1.3127376677637415
349.9543351970582	1.6740426351899504	1.9217833278708072	1.3300813069147424
379.9485489630761	1.679952524708109	1.9321275064699013	1.3446904175916536
409.9427627290941	1.6965601949553983	1.9425522514384321	1.3828446596894135
439.9369764951121	1.712857023586646	1.958504764205553	1.4123225201685135
469.93119026113004	1.7235628991198202	1.9642942377873258	1.4273972250131515
499.925404027148	1.7361938132473755	1.9710041753013239	1.451827637492197
529.919617793166	1.74437498492118	1.9796948123158127	1.481231557142357
559.913831559184	1.7571789940013471	1.9894930549874144	1.5027804855504938
589.908045325202	1.7735729009071304	1.996170369345038	1.5243587847260154
619.9022590912198	1.7700780039280046	1.9956260394844716	1.511614285227782
649.8964728572378	1.7785447710165125	2.0026933277455563	1.5240937273861204
679.8906866232558	1.7871833285881873	2.0054748679835077	1.5412988942557981
709.8849003892738	1.7959474675068203	2.0127501434954413	1.554496766596733
739.8791141552917	1.8037869663148909	2.0139488678159463	1.565038821936613
769.8733279213097	1.8083604392803143	2.018978112675584	1.56501167004192
799.8675416873277	1.8145310826460326	2.0211661363638016	1.5870131995295724
829.8617554533457	1.8198447631390862	2.0213455445080113	1.5839262538710421
859.8559692193635	1.827972732964232	2.0268811354221326	1.5870249006800103
889.8501829853815	1.834104003441218	2.029415266393225	1.6101416375564623
919.8443967513995	1.8366592975864038	2.0326847801013956	1.584299545815347
949.8386105174175	1.8429940300266805	2.0377518919023254	1.6273908838829154
979.8328242834355	1.8459236597869761	2.0371209247998525	1.6116315311319864
1009.8270380494534	1.8502944321910917	2.0398271695548544	1.6131780070151338
1039.8212518154714	1.8545553169138802	2.0382704466891903	1.638172688630152
1069.8154655814894	1.857639016758184	2.0335317015388856	1.655334418027943
1099.8096793475074	1.8607231631579175	2.0443262900821884	1.6629592509336941
1129.8038931135254	1.862992497956628	2.0433777006200806	1.663893207275237
1159.7981068795432	1.8706790770110606	2.04813896464771	1.6829269002380705
1189.7923206455612	1.8750449974453194	2.0517265198442978	1.6738162167096566
1219.7865344115792	1.87130195246334	2.048270696593561	1.6780934097400988
1249.7807481775972	1.875434549810952	2.0450029236391964	1.6721769416779781
1279.7749619436152	1.8740128046707472	2.0395213356030895	1.689525495380786
1309.7691757096331	1.880839217305855	2.0472826133535067	1.7067836209674847
1339.7633894756511	1.8895523307740998	2.0574028998784617	1.7125718296409205
1369.757603241669	1.8850357142953427	2.0501548343402844	1.6963057486767488
1399.751817007687	1.887809886424653	2.050570580895892	1.7036827776406929
1429.746030773705	1.8880318413251045	2.0528146302837778	1.7101344357403236
1459.7402445397229	1.895566147812135	2.0526379755031803	1.7246726005551127
1489.7344583057409	1.8922085539391735	2.0540335379987553	1.7063900980017892
1519.7286720717589	1.8972845896766937	2.0554818787244926	1.7155046283632882
1549.7228858377769	1.8939940360254426	2.0575735375218738	1.6907908892833534
1579.7170996037948	1.8997079282788647	2.055863469020226	1.7043015644291408
1609.7113133698128	1.8994204925335603	2.0482661857129383	1.7076787847215185
1639.7055271358306	1.9006163195566383	2.052151847269253	1.7118789188101022
1669.6997409018486	1.8990092641107217	2.046238322056319	1.720541929395353
1699.6939546678666	1.8999714677786839	2.0510832410449624	1.7228004846126954
1729.6881684338846	1.9044235733601451	2.0546678543338603	1.7402514467916321
1759.6823821999026	1.9125181760327243	2.061357789116676	1.7509356096108055
1789.6765959659206	1.9207666171011855	2.0670263378592746	1.747846464341411
1819.6708097319386	1.908358279341714	2.0491957575182775	1.7358725493609044
1849.6650234979563	1.9138725659735085	2.0655532574915756	1.736599514025207
1879.6592372639743	1.9179141992900413	2.064016528066236	1.7229927235595746
1909.6534510299923	1.916605210983049	2.063217235962363	1.6497475056103708
1939.6476647960103	1.9071233148277216	2.0584761486273147	1.6997432817026366
1969.6418785620283	1.9061819930780093	2.0425084503530946	1.5405760562990973
1999.6360923280463	1.9220227457105423	2.0515375335519765	1.7553275888312714
2029.6303060940643	1.9220227457105423	2.0515375335519765	1.7553275888312714
2059.6245198600823	1.9220227457105423	2.0515375335519765	1.7553275888312714
2089.6187336261	1.9220227457105423	2.0515375335519765	1.7553275888312714
2119.612947392118	1.9220227457105423	2.0515375335519765	1.7553275888312714
2149.607161158136	1.9220227457105423	2.0515375335519765	1.7553275888312714
2179.601374924154	1.9220227457105423	2.0515375335519765	1.7553275888312714
2209.595588690172	1.9220227457105423	2.0515375335519765	1.7553275888312714
2239.58980245619	1.9220227457105423	2.0515375335519765	1.7553275888312714
2269.5840162222075	1.9220227457105423	2.0515375335519765	1.7553275888312714
2299.5782299882258	1.9220227457105423	2.0515375335519765	1.7553275888312714
2329.5724437542435	1.9220227457105423	2.0515375335519765	1.7553275888312714
2359.5666575202617	1.9220227457105423	2.0515375335519765	1.7553275888312714
2389.5608712862795	1.8750449974453194	2.0517265198442978	1.6738162167096566
2419.5550850522977	1.8750449974453194	2.0517265198442978	1.6738162167096566
2449.5492988183155	1.8750449974453194	2.0517265198442978	1.6738162167096566
2479.5435125843333	1.8750449974453194	2.0517265198442978	1.6738162167096566
2509.5377263503515	1.8750449974453194	2.0517265198442978	1.6738162167096566
2539.5319401163692	1.9220227457105423	2.0515375335519765	1.7553275888312714
2569.5261538823875	1.9220227457105423	2.0515375335519765	1.7553275888312714
2599.520367648405	1.9220227457105423	2.0515375335519765	1.7553275888312714
2629.5145814144234	1.9220227457105423	2.0515375335519765	1.7553275888312714
2659.508795180441	1.9220227457105423	2.0515375335519765	1.7553275888312714
2689.503008946459	1.9220227457105423	2.0515375335519765	1.7553275888312714
2719.497222712477	1.9220227457105423	2.0515375335519765	1.7553275888312714
2749.491436478495	1.9220227457105423	2.0515375335519765	1.7553275888312714
2779.485650244513	1.9220227457105423	2.0515375335519765	1.7553275888312714
2809.479864010531	1.9220227457105423	2.0515375335519765	1.7553275888312714
2839.474077776549	1.9220227457105423	2.0515375335519765	1.7553275888312714
2869.468291542567	1.9220227457105423	2.0515375335519765	1.7553275888312714
2899.462505308585	1.9220227457105423	2.0515375335519765	1.7553275888312714
2929.456719074603	1.9220227457105423	2.0515375335519765	1.7553275888312714
2959.4509328406207	1.9220227457105423	2.0515375335519765	1.7553275888312714
2989.445146606639	1.9220227457105423	2.0515375335519765	1.7553275888312714
3020                    1.9220227457105423      2.0515375335519765      1.7553275888312714
99999                   1.9220227457105423      2.0515375335519765      1.7553275888312714
